3 3

0 0
9
0 [1 1] # _TOP_1_ - 7
1 [1 1] [1 2] [1 3] [1 5] [1 6] [1 7] [1 8] [1 9] [1 10] # _HIG_1_ - Bell
2 [3 1] [3 2] [3 3] [1 5] [1 6] [1 7] [1 8] [1 9] [1 10] # _HIG_2_ - Melon
3 [5 1] [5 2] [5 3] [1 5] [1 6] [1 7] [1 8] [1 9] [1 10] # _HIG_3_ - Grape
4 [5 1] [5 2] [5 3] [1 5] [1 6] [1 7] [1 8] [1 9] [1 10] # _low_1_ - Plum
5 [7 1] [7 2] [7 2] [1 5] [1 6] [1 7] [1 8] [1 9] [1 10] # _low_2_ - Orange
6 [7 1] [7 2] [7 2] [1 5] [1 6] [1 7] [1 8] [1 9] [1 10] # _low_3_ - Lemon
7 [9 1] [9 1] [9 1] [1 5] [1 6] [1 7] [1 8] [1 9] [1 10] # _low_4_ - Cherry
8 [9 1] [7 2] [1 3] [1 5] [1 6] [1 7] [1 8] [1 9] [1 10] # mystery

0 0
9
0 [1 1] # _TOP_1_ - 7
1 [1 1] [1 2] [1 3] [1 5] [1 6] [1 7] [1 8] [1 9] [1 10] # _HIG_1_ - Bell
2 [3 1] [3 2] [3 3] [1 5] [1 6] [1 7] [1 8] [1 9] [1 10] # _HIG_2_ - Melon
3 [5 1] [5 2] [5 3] [1 5] [1 6] [1 7] [1 8] [1 9] [1 10] # _HIG_3_ - Grape
4 [5 1] [5 2] [5 3] [1 5] [1 6] [1 7] [1 8] [1 9] [1 10] # _low_1_ - Plum
5 [7 1] [7 2] [7 2] [1 5] [1 6] [1 7] [1 8] [1 9] [1 10] # _low_2_ - Orange
6 [7 1] [7 2] [7 2] [1 5] [1 6] [1 7] [1 8] [1 9] [1 10] # _low_3_ - Lemon
7 [9 1] [9 1] [9 1] [1 5] [1 6] [1 7] [1 8] [1 9] [1 10] # _low_4_ - Cherry
8 [9 1] [7 2] [1 3] [1 5] [1 6] [1 7] [1 8] [1 9] [1 10] # mystery

0 0
9
0 [1 1] # _TOP_1_ - 7
1 [1 1] [1 2] [1 3] [1 5] [1 6] [1 7] [1 8] [1 9] [1 10] # _HIG_1_ - Bell
2 [3 1] [3 2] [3 3] [1 5] [1 6] [1 7] [1 8] [1 9] [1 10] # _HIG_2_ - Melon
3 [5 1] [5 2] [5 3] [1 5] [1 6] [1 7] [1 8] [1 9] [1 10] # _HIG_3_ - Grape
4 [5 1] [5 2] [5 3] [1 5] [1 6] [1 7] [1 8] [1 9] [1 10] # _low_1_ - Plum
5 [7 1] [7 2] [7 2] [1 5] [1 6] [1 7] [1 8] [1 9] [1 10] # _low_2_ - Orange
6 [7 1] [7 2] [7 2] [1 5] [1 6] [1 7] [1 8] [1 9] [1 10] # _low_3_ - Lemon
7 [9 1] [9 1] [9 1] [1 5] [1 6] [1 7] [1 8] [1 9] [1 10] # _low_4_ - Cherry
8 [9 1] [7 2] [1 3] [1 5] [1 6] [1 7] [1 8] [1 9] [1 10] # mystery

0 0
9
0 [1 1] # _TOP_1_ - 7
1 [1 1] [1 2] [1 3] [1 5] [1 6] [1 7] [1 8] [1 9] [1 10] # _HIG_1_ - Bell
2 [3 1] [3 2] [3 3] [1 5] [1 6] [1 7] [1 8] [1 9] [1 10] # _HIG_2_ - Melon
3 [5 1] [5 2] [5 3] [1 5] [1 6] [1 7] [1 8] [1 9] [1 10] # _HIG_3_ - Grape
4 [5 1] [5 2] [5 3] [1 5] [1 6] [1 7] [1 8] [1 9] [1 10] # _low_1_ - Plum
5 [7 1] [7 2] [7 2] [1 5] [1 6] [1 7] [1 8] [1 9] [1 10] # _low_2_ - Orange
6 [7 1] [7 2] [7 2] [1 5] [1 6] [1 7] [1 8] [1 9] [1 10] # _low_3_ - Lemon
7 [9 1] [9 1] [9 1] [1 5] [1 6] [1 7] [1 8] [1 9] [1 10] # _low_4_ - Cherry
8 [9 1] [7 2] [1 3] [1 5] [1 6] [1 7] [1 8] [1 9] [1 10] # mystery

0 0
9
0 [1 1] # _TOP_1_ - 7
1 [1 1] [1 2] [1 3] [1 5] [1 6] [1 7] [1 8] [1 9] [1 10] # _HIG_1_ - Bell
2 [3 1] [3 2] [3 3] [1 5] [1 6] [1 7] [1 8] [1 9] [1 10] # _HIG_2_ - Melon
3 [5 1] [5 2] [5 3] [1 5] [1 6] [1 7] [1 8] [1 9] [1 10] # _HIG_3_ - Grape
4 [5 1] [5 2] [5 3] [1 5] [1 6] [1 7] [1 8] [1 9] [1 10] # _low_1_ - Plum
5 [7 1] [7 2] [7 2] [1 5] [1 6] [1 7] [1 8] [1 9] [1 10] # _low_2_ - Orange
6 [7 1] [7 2] [7 2] [1 5] [1 6] [1 7] [1 8] [1 9] [1 10] # _low_3_ - Lemon
7 [9 1] [9 1] [9 1] [1 5] [1 6] [1 7] [1 8] [1 9] [1 10] # _low_4_ - Cherry
8 [9 1] [7 2] [1 3] [1 5] [1 6] [1 7] [1 8] [1 9] [1 10] # mystery

100
[[+]]
[[+]]
[[+]]

100
[[+]]
[[+]]
[[+]]

100
[[+]]
[[+]]
[[+]]

100
[[+]]
[[+]]
[[+]]

100
[[+]]
[[+]]
[[+]]
