3 5

0 0
8
0 [8 1] [0 2] [0 3]
1 [12 1] [0 2] [0 3]
2 [12 1] [0 2] [0 3]
3 [14 1] [0 2] [0 3]
4 [5 1] [3 2] [2 3]
5 [5 1] [3 2] [2 3]
6 [7 1] [5 2] [4 3]
7 [7 1] [5 2] [4 3]

1 4
11 [20 3]
8
0 [8 1] [0 2] [0 3]
1 [12 1] [0 2] [0 3]
2 [12 1] [0 2] [0 3]
3 [14 1] [0 2] [0 3]
4 [5 1] [3 2] [2 3]
5 [5 1] [3 2] [2 3]
6 [7 1] [5 2] [4 3]
7 [7 1] [5 2] [4 3]

2 4
10 [20 3]
11 [15 3]
8
0 [8 1] [0 2] [0 3]
1 [12 1] [0 2] [0 3]
2 [12 1] [0 2] [0 3]
3 [14 1] [0 2] [0 3]
4 [5 1] [3 2] [2 3]
5 [5 1] [3 2] [2 3]
6 [7 1] [5 2] [4 3]
7 [7 1] [5 2] [4 3]

1 4
11 [20 3]
8
2 [1 1] [1 2] [2 3]
3 [2 1] [2 2] [4 3]
4 [3 1] [3 2] [6 3]
5 [4 1] [4 2] [8 3]
6 [5 1] [5 2] [10 3]
7 [5 1] [5 2] [10 3]
8 [6 1] [6 2] [12 3]
9 [6 1] [6 2] [12 3]

0 0
8
2 [1 1] [1 2] [2 3]
3 [2 1] [2 2] [4 3]
4 [3 1] [3 2] [6 3]
5 [4 1] [4 2] [8 3]
6 [5 1] [5 2] [10 3]
7 [5 1] [5 2] [10 3]
8 [6 1] [6 2] [12 3]
9 [6 1] [6 2] [12 3]

100
[[+]]
[[+]]
[[+]]

100
[[+]]
[[+]]
[[+]]

100
[[+]]
[[+]]
[[+]]

100
[[+]]
[[+]]
[[+]]

100
[[+]]
[[+]]
[[+]]