2 5

# border
0 0
9
34 [9 1]
35 [8 1]
36 [7 1]
37 [6 1]
38 [5 1]
39 [4 1]
40 [3 1]
41 [2 1]
46 [20 1]

# central cells
0 0
13
34 [12 1]
35 [11 1]
36 [10 1]
37 [9 1]
38 [8 1]
39 [7 1]
40 [6 1]
41 [5 1]
42 [4 1]
43 [3 1]
44 [2 1]
45 [1 1]
46 [20 1]

# spinner
0 0
9
34 [9 1]
35 [8 1]
36 [7 1]
37 [6 1]
38 [5 1]
39 [4 1]
40 [3 1]
41 [2 1]
46 [20 1]

# whistle
0 0
9
34 [9 1]
35 [8 1]
36 [7 1]
37 [6 1]
38 [5 1]
39 [4 1]
40 [3 1]
41 [2 1]
46 [20 1]

# elimination
0 0
9
34 [9 1]
35 [8 1]
36 [7 1]
37 [6 1]
38 [5 1]
39 [4 1]
40 [3 1]
41 [2 1]
46 [20 1]


999000 602 300 50 20 10 8 6 4
[[46] [34] [35] [36] [37] [38] [39] [40] [41]]
[[+]  [+]  [+]  [+]  [+]  [+]  [+]  [+]  [+]]

999000 501 390 40 20 11 9 8 7 5 4 3 2
[[46] [34] [35] [36] [37] [38] [39] [40] [41] [42] [43] [44] [45]]
[[+]  [+]  [+]  [+]  [+]  [+]  [+]  [+]  [+]  [+]  [+]  [+]  [+]]

1 502 320 100 40 15 10 7 5
[[46] [34] [35] [36] [37] [38] [39] [40] [41]]
[[+]  [+]  [+]  [+]  [+]  [+]  [+]  [+]  [+]]

999000 602 300 50 20 10 8 6 4
[[46] [34] [35] [36] [37] [38] [39] [40] [41]]
[[+]  [+]  [+]  [+]  [+]  [+]  [+]  [+]  [+]]

999000 602 300 50 20 10 8 6 4
[[46] [34] [35] [36] [37] [38] [39] [40] [41]]
[[+]  [+]  [+]  [+]  [+]  [+]  [+]  [+]  [+]]