4 5

0 0
5
1 [4 1] [2 2] [1 3]
3 [4 1] [2 2] [1 3]
5 [4 1] [2 2] [1 3]
7 [6 1]
9 [6 1]

0 0
6
0 [4 1] [1 2] [1 3]
2 [4 1] [1 2] [1 3]
4 [4 1] [1 2] [1 3]
6 [6 1]
8 [6 1]
10 [6 1]

0 0
11
0 [2 1] [1 2] [1 3]
1 [2 1] [1 2] [1 3]
2 [2 1] [1 2] [1 3]
3 [2 1] [1 2] [1 3]
4 [2 1] [1 2] [1 3]
5 [2 1] [1 2] [1 3]
6 [3 1]
7 [3 1]
8 [3 1]
9 [3 1]
10 [3 1]

0 0
6
0 [4 1] [1 2] [1 3]
2 [4 1] [1 2] [1 3]
4 [4 1] [1 2] [1 3]
6 [6 1]
8 [6 1]
10 [6 1]

0 0
11
0 [2 1] [1 2] [1 3]
1 [2 1] [1 2] [1 3]
2 [2 1] [1 2] [1 3]
3 [2 1] [1 2] [1 3]
4 [2 1] [1 2] [1 3]
5 [2 1] [1 2] [1 3]
6 [3 1]
7 [3 1]
8 [3 1]
9 [3 1]
10 [3 1]

