3 5

0 0
8
2 [1 1] [1 2] [2 3]
3 [2 1] [2 2] [4 3]
4 [3 1] [3 2] [6 3]
5 [4 1] [4 2] [8 3]
6 [5 1] [5 2] [10 3]
7 [5 1] [5 2] [10 3]
8 [6 1] [6 2] [12 3]
9 [6 1] [6 2] [12 3]

1 5
1 [10 1]
8
2 [1 1] [1 2] [2 3]
3 [2 1] [2 2] [4 3]
4 [3 1] [3 2] [6 3]
5 [4 1] [4 2] [8 3]
6 [5 1] [5 2] [10 3]
7 [5 1] [5 2] [10 3]
8 [6 1] [6 2] [12 3]
9 [6 1] [6 2] [12 3]

2 5
0 [4 1]
1 [6 1]
8
2 [1 1] [1 2] [2 3]
3 [2 1] [2 2] [4 3]
4 [3 1] [3 2] [6 3]
5 [4 1] [4 2] [8 3]
6 [5 1] [5 2] [10 3]
7 [5 1] [5 2] [10 3]
8 [6 1] [6 2] [12 3]
9 [6 1] [6 2] [12 3]

1 5
1 [10 1]
8
2 [1 1] [1 2] [2 3]
3 [2 1] [2 2] [4 3]
4 [3 1] [3 2] [6 3]
5 [4 1] [4 2] [8 3]
6 [5 1] [5 2] [10 3]
7 [5 1] [5 2] [10 3]
8 [6 1] [6 2] [12 3]
9 [6 1] [6 2] [12 3]
0 0
8
2 [1 1] [1 2] [2 3]
3 [2 1] [2 2] [4 3]
4 [3 1] [3 2] [6 3]
5 [4 1] [4 2] [8 3]
6 [5 1] [5 2] [10 3]
7 [5 1] [5 2] [10 3]
8 [6 1] [6 2] [12 3]
9 [6 1] [6 2] [12 3]

100
[[+]]
[[+]]
[[+]]

100
[[+]]
[[+]]
[[+]]

100
[[+]]
[[+]]
[[+]]

!100
[[0-1]]
[[+]]
[[+]]


100
[[+]]
[[+]]
[[+]]