# Первая строчка: высотаХширина окна
# Вторая строчка: Кол-во спец символов + расстояние между спец символами, для всех одинаковое
# Спец символы: символ - [длина стака - количествоа таких стаков]
# Кол-во обычных символов в этом риле
# Далее символ: [кол-во стаков - длина стака]
#
3 5

14 4
20 [1 1]
21 [1 1]
22 [1 1]
23 [1 1]
24 [1 1]
25 [1 1]
26 [1 1]
27 [1 1]
28 [1 1]
29 [1 1]
30 [1 1]
31 [1 1]
32 [1 1]
33 [1 1]
9
0 [10 1] [5 2] [2 3] # [кол-во стаков - длина стака]
1 [10 1] [5 2] [2 3]
2 [10 1] [5 2] [2 3]
3 [10 1] [5 2] [2 3]
4 [10 1] [5 2] [2 3]
5 [10 1] [5 2] [2 3]
6 [10 1] [5 2] [2 3]
7 [10 1] [5 2] [2 3]
8 [10 1] [5 2] [2 3]


14 4
20 [1 1]
21 [1 1]
22 [1 1]
23 [1 1]
24 [1 1]
25 [1 1]
26 [1 1]
27 [1 1]
28 [1 1]
29 [1 1]
30 [1 1]
31 [1 1]
32 [1 1]
33 [1 1]
9
0 [10 1] [5 2] [2 3] # [кол-во стаков - длина стака]
1 [10 1] [5 2] [2 3]
2 [10 1] [5 2] [2 3]
3 [10 1] [5 2] [2 3]
4 [10 1] [5 2] [2 3]
5 [10 1] [5 2] [2 3]
6 [10 1] [5 2] [2 3]
7 [10 1] [5 2] [2 3]
8 [10 1] [5 2] [2 3]

14 4
20 [1 1]
21 [1 1]
22 [1 1]
23 [1 1]
24 [1 1]
25 [1 1]
26 [1 1]
27 [1 1]
28 [1 1]
29 [1 1]
30 [1 1]
31 [1 1]
32 [1 1]
33 [1 1]
9
0 [10 1] [5 2] [2 3] # [кол-во стаков - длина стака]
1 [10 1] [5 2] [2 3]
2 [10 1] [5 2] [2 3]
3 [10 1] [5 2] [2 3]
4 [10 1] [5 2] [2 3]
5 [10 1] [5 2] [2 3]
6 [10 1] [5 2] [2 3]
7 [10 1] [5 2] [2 3]
8 [10 1] [5 2] [2 3]

14 4
20 [1 1]
21 [1 1]
22 [1 1]
23 [1 1]
24 [1 1]
25 [1 1]
26 [1 1]
27 [1 1]
28 [1 1]
29 [1 1]
30 [1 1]
31 [1 1]
32 [1 1]
33 [1 1]
9
0 [10 1] [5 2] [2 3] # [кол-во стаков - длина стака]
1 [10 1] [5 2] [2 3]
2 [10 1] [5 2] [2 3]
3 [10 1] [5 2] [2 3]
4 [10 1] [5 2] [2 3]
5 [10 1] [5 2] [2 3]
6 [10 1] [5 2] [2 3]
7 [10 1] [5 2] [2 3]
8 [10 1] [5 2] [2 3]

14 4
20 [1 1]
21 [1 1]
22 [1 1]
23 [1 1]
24 [1 1]
25 [1 1]
26 [1 1]
27 [1 1]
28 [1 1]
29 [1 1]
30 [1 1]
31 [1 1]
32 [1 1]
33 [1 1]
9
0 [10 1] [5 2] [2 3] # [кол-во стаков - длина стака]
1 [10 1] [5 2] [2 3]
2 [10 1] [5 2] [2 3]
3 [10 1] [5 2] [2 3]
4 [10 1] [5 2] [2 3]
5 [10 1] [5 2] [2 3]
6 [10 1] [5 2] [2 3]
7 [10 1] [5 2] [2 3]
8 [10 1] [5 2] [2 3]


!50 !39 !4 !3 !2 !1
[[20-24]   [25-29]  [30] [31] [32] [33]]
[[+]       [+]      [+]  [+]  [+]  [+]]
[[+]       [+]      [+]  [+]  [+]  [+]]

!50 !39 !4 !3 !2 !1
[[20-24]   [25-29]  [30] [31] [32] [33]]
[[+]       [+]      [+]  [+]  [+]  [+]]
[[+]       [+]      [+]  [+]  [+]  [+]]

!50 !39 !4 !3 !2 !1
[[20-24]   [25-29]  [30] [31] [32] [33]]
[[+]       [+]      [+]  [+]  [+]  [+]]
[[+]       [+]      [+]  [+]  [+]  [+]]

!50 !39 !4 !3 !2 !1
[[20-24]   [25-29]  [30] [31] [32] [33]]
[[+]       [+]      [+]  [+]  [+]  [+]]
[[+]       [+]      [+]  [+]  [+]  [+]]

!50 !39 !4 !3 !2 !1
[[20-24]   [25-29]  [30] [31] [32] [33]]
[[+]       [+]      [+]  [+]  [+]  [+]]
[[+]       [+]      [+]  [+]  [+]  [+]]
