2 3

0 0
9
34 [9 1]
35 [8 1]
36 [7 1]
37 [6 1]
38 [5 1]
39 [4 1]
40 [3 1]
41 [2 1]
46 [20 1]

0 0
13
34 [12 1]
35 [11 1]
36 [10 1]
37 [9 1]
38 [8 1]
39 [7 1]
40 [6 1]
41 [5 1]
42 [4 1]
43 [3 1]
44 [2 1]
45 [1 1]
46 [20 1]

0 0
9
34 [9 1]
35 [8 1]
36 [7 1]
37 [6 1]
38 [5 1]
39 [4 1]
40 [3 1]
41 [2 1]
46 [20 1]


95000 3000 1500 250 110 50 40 30 20
[[46] [34] [35] [36] [37] [38] [39] [40] [41]]
[[+]  [+]  [+]  [+]  [+]  [+]  [+]  [+]  [+]]

91000 4500 3510 360 180 108 81 72 63 45 36 27 18
[[46] [34] [35] [36] [37] [38] [39] [40] [41] [42] [43] [44] [45]]
[[+]  [+]  [+]  [+]  [+]  [+]  [+]  [+]  [+]  [+]  [+]  [+]  [+]]

99500 300 150 25 11 5 4 3 2
[[46] [34] [35] [36] [37] [38] [39] [40] [41]]
[[+]  [+]  [+]  [+]  [+]  [+]  [+]  [+]  [+]]