2 5

# border
0 0
9
34 [9 1]
35 [8 1]
36 [7 1]
37 [6 1]
38 [5 1]
39 [4 1]
40 [3 1]
41 [2 1]
46 [20 1]

# central cells
0 0
13
34 [12 1]
35 [11 1]
36 [10 1]
37 [9 1]
38 [8 1]
39 [7 1]
40 [6 1]
41 [5 1]
42 [4 1]
43 [3 1]
44 [2 1]
45 [1 1]
46 [20 1]

# spinner
0 0
9
34 [9 1]
35 [8 1]
36 [7 1]
37 [6 1]
38 [5 1]
39 [4 1]
40 [3 1]
41 [2 1]
46 [20 1]

# whistle
0 0
9
34 [9 1]
35 [8 1]
36 [7 1]
37 [6 1]
38 [5 1]
39 [4 1]
40 [3 1]
41 [2 1]
46 [20 1]

# elimination
0 0
9
34 [9 1]
35 [8 1]
36 [7 1]
37 [6 1]
38 [5 1]
39 [4 1]
40 [3 1]
41 [2 1]
46 [20 1]


71900 13955 7443 3654 1826 702 281 155 84
[[46] [34] [35] [36] [37] [38] [39] [40] [41]]
[[+]  [+]  [+]  [+]  [+]  [+]  [+]  [+]  [+]]

71900 12506 6244 4543 2186 1249 624 312 156 62 125 62 31
[[46] [34] [35] [36] [37] [38] [39] [40] [41] [42] [43] [44] [45]]
[[+]  [+]  [+]  [+]  [+]  [+]  [+]  [+]  [+]  [+]  [+]  [+]  [+]]

999000 602 300 50 20 10 8 6 4
[[46] [34] [35] [36] [37] [38] [39] [40] [41]]
[[+]  [+]  [+]  [+]  [+]  [+]  [+]  [+]  [+]]

999000 602 300 50 20 10 8 6 4
[[46] [34] [35] [36] [37] [38] [39] [40] [41]]
[[+]  [+]  [+]  [+]  [+]  [+]  [+]  [+]  [+]]

999000 602 300 50 20 10 8 6 4
[[46] [34] [35] [36] [37] [38] [39] [40] [41]]
[[+]  [+]  [+]  [+]  [+]  [+]  [+]  [+]  [+]]