2 5

# border
0 0
10
33 [10 1]
34 [9 1]
35 [8 1]
36 [7 1]
37 [6 1]
38 [5 1]
39 [4 1]
40 [3 1]
41 [2 1]
46 [20 1]

# central cells
0 0
14
33 [13 1]
34 [12 1]
35 [11 1]
36 [10 1]
37 [9 1]
38 [8 1]
39 [7 1]
40 [6 1]
41 [5 1]
42 [4 1]
43 [3 1]
44 [2 1]
45 [1 1]
46 [20 1]

# spinner
0 0
10
33 [10 1]
34 [9 1]
35 [8 1]
36 [7 1]
37 [6 1]
38 [5 1]
39 [4 1]
40 [3 1]
41 [2 1]
46 [20 1]

# whistle
0 0
10
33 [10 1]
34 [9 1]
35 [8 1]
36 [7 1]
37 [6 1]
38 [5 1]
39 [4 1]
40 [3 1]
41 [2 1]
46 [20 1]

# elimination
0 0
10
33 [10 1]
34 [9 1]
35 [8 1]
36 [7 1]
37 [6 1]
38 [5 1]
39 [4 1]
40 [3 1]
41 [2 1]
46 [20 1]


90000 4950 2650 1300 650 250 100 55 30 15
[[46] [33] [34] [35] [36] [37] [38] [39] [40] [41]]
[[+]  [+]  [+]  [+]  [+]  [+]  [+]  [+]  [+]  [+]]

91000 4000 2000 1455 700 400 200 100 50 20 40 20 10 5
[[46] [33] [34] [35] [36] [37] [38] [39] [40] [41] [42] [43] [44] [45]]
[[+]  [+]  [+]  [+]  [+]  [+]  [+]  [+]  [+]  [+]  [+]  [+]  [+]  [+]]

999000 600 300 50 20 10 8 6 4 2
[[46] [33] [34] [35] [36] [37] [38] [39] [40] [41]]
[[+]  [+]  [+]  [+]  [+]  [+]  [+]  [+]  [+]  [+]]

999000 600 300 50 20 10 8 6 4 2
[[46] [33] [34] [35] [36] [37] [38] [39] [40] [41]]
[[+]  [+]  [+]  [+]  [+]  [+]  [+]  [+]  [+]  [+]]

999000 600 300 50 20 10 8 6 4 2
[[46] [33] [34] [35] [36] [37] [38] [39] [40] [41]]
[[+]  [+]  [+]  [+]  [+]  [+]  [+]  [+]  [+]  [+]]