2 5

# border cheap
0 0
10
33 [9 1]
34 [8 1]
35 [7 1]
36 [6 1]
37 [5 1]
38 [4 1]
39 [3 1]
40 [2 1]
41 [1 1]
46 [20 1]

# border rich
0 0
10
33 [9 1]
34 [8 1]
35 [7 1]
36 [6 1]
37 [5 1]
38 [4 1]
39 [3 1]
40 [2 1]
41 [1 1]
46 [20 1]

# center cheap
0 0
14
33 [13 1]
34 [12 1]
35 [11 1]
36 [10 1]
37 [9 1]
38 [8 1]
39 [7 1]
40 [6 1]
41 [5 1]
42 [4 1]
43 [3 1]
44 [2 1]
45 [1 1]
46 [20 1]

# center rich
0 0
14
33 [13 1]
34 [12 1]
35 [11 1]
36 [10 1]
37 [9 1]
38 [8 1]
39 [7 1]
40 [6 1]
41 [5 1]
42 [4 1]
43 [3 1]
44 [2 1]
45 [1 1]
46 [20 1]

# upgrade
0 0
10
33 [9 1]
34 [8 1]
35 [7 1]
36 [6 1]
37 [5 1]
38 [4 1]
39 [3 1]
40 [2 1]
41 [1 1]
46 [20 1]


100
[[46] ]
[[+]  ]

8680 740 370 60 50 40 30 20 10
[[33] [34] [35] [36] [37] [38] [39] [40] [41]]
[[+]  [+]  [+]  [+]  [+]  [+]  [+]  [+]  [+]]

100
[[46] ]
[[+]  ]

#7704 650 320 100 80 40 30 20 10 5 1000 10 5
7900 624 300 60 50 40 30 20 10 5 920 10 5
[[33] [34] [35] [36] [37] [38] [39] [40] [41] [42] [43] [44] [45]]
[[+]  [+]  [+]  [+]  [+]  [+]  [+]  [+]  [+]  [+]  [+]  [+]  [+]]

8680 740 370 60 50 40 30 20 10
[[33] [34] [35] [36] [37] [38] [39] [40] [41]]
[[+]  [+]  [+]  [+]  [+]  [+]  [+]  [+]  [+]]
