3 5

0 3
9
0 [4 1] [2 2] [1 3]
1 [4 1] [2 2] [1 3]
2 [4 1] [2 2] [1 3]
3 [7 1] [4 2] [1 3]
4 [7 1] [4 2] [1 3]
5 [7 1] [4 2] [2 3]
6 [10 1] [5 2] [2 3]
7 [10 1] [5 2] [2 3]
8 [10 1] [5 2] [2 3]



0 3
9
0 [4 1] [2 2] [1 3]
1 [4 1] [2 2] [1 3]
2 [4 1] [2 2] [1 3]
3 [7 1] [4 2] [1 3]
4 [7 1] [4 2] [1 3]
5 [7 1] [4 2] [2 3]
6 [10 1] [5 2] [2 3]
7 [10 1] [5 2] [2 3]
8 [10 1] [5 2] [2 3]


13 3
11 [1 1]
12 [2 1]
13 [3 1]
14 [3 1]
15 [3 1]
16 [2 1]
17 [2 1]
18 [1 1]
19 [1 1]
20 [1 1]
21 [1 1]
22 [1 1]
23 [1 1]
9
0 [4 1] [2 2] [1 3]
1 [4 1] [2 2] [1 3]
2 [4 1] [2 2] [1 3]
3 [7 1] [4 2] [1 3]
4 [7 1] [4 2] [1 3]
5 [7 1] [4 2] [2 3]
6 [10 1] [5 2] [2 3]
7 [10 1] [5 2] [2 3]
8 [10 1] [5 2] [2 3]


1 3
11 [15 2]
9
0 [4 1] [2 2] [1 3]
1 [4 1] [2 2] [1 3]
2 [4 1] [2 2] [1 3]
3 [7 1] [4 2] [1 3]
4 [7 1] [4 2] [1 3]
5 [7 1] [4 2] [2 3]
6 [10 1] [5 2] [2 3]
7 [10 1] [5 2] [2 3]
8 [10 1] [5 2] [2 3]


0 3
9
0 [4 1] [2 2] [1 3]
1 [4 1] [2 2] [1 3]
2 [4 1] [2 2] [1 3]
3 [7 1] [4 2] [1 3]
4 [7 1] [4 2] [1 3]
5 [7 1] [4 2] [2 3]
6 [10 1] [5 2] [2 3]
7 [10 1] [5 2] [2 3]
8 [10 1] [5 2] [2 3]


1000
[[0-8] ]
[[0-8] ]
[[0-8] ]

1000
[[0-8] ]
[[0-8] ]
[[0-8] ]

350     !10    !10    !20    !30    !50    !110   !120   !90   !80    !50    !40    !20    !20
[[0-8]  [11]   [12]   [13]   [14]   [15]   [16]   [17]   [18]   [19]   [20]   [21]   [22]   [23] ]
[[0-8]  [0-8]  [0-8]  [0-8]  [0-8]  [0-8]  [0-8]  [0-8]  [0-8]  [0-8]  [0-8]  [0-8]  [0-8]  [0-8]]
[[0-8]  [0-8]  [0-8]  [0-8]  [0-8]  [0-8]  [0-8]  [0-8]  [0-8]  [0-8]  [0-8]  [0-8]  [0-8]  [0-8]]

900     !50  !50
[[0-8]  [11]  [11] ]
[[0-8]  [0-8] [11] ]
[[0-8]  [0-8] [0-8]]

1000
[[0-8] ]
[[0-8] ]
[[0-8]]