3 5

13 3
11 [1 1]
12 [1 1]
13 [1 1]
14 [1 1]
15 [1 1]
16 [2 1]
17 [3 1]
18 [3 1]
19 [3 1]
20 [2 1]
21 [1 1]
22 [1 1]
23 [1 1]
9
0 [4 1] [2 2] [1 3]
1 [4 1] [2 2] [1 3]
2 [4 1] [2 2] [1 3]
3 [7 1] [4 2] [1 3]
4 [7 1] [4 2] [1 3]
5 [7 1] [4 2] [2 3]
6 [10 1] [5 2] [2 3]
7 [10 1] [5 2] [2 3]
8 [10 1] [5 2] [2 3]



13 3
11 [1 1]
12 [1 1]
13 [1 1]
14 [1 1]
15 [1 1]
16 [2 1]
17 [3 1]
18 [3 1]
19 [3 1]
20 [2 1]
21 [1 1]
22 [1 1]
23 [1 1]
9
0 [4 1] [2 2] [1 3]
1 [4 1] [2 2] [1 3]
2 [4 1] [2 2] [1 3]
3 [7 1] [4 2] [1 3]
4 [7 1] [4 2] [1 3]
5 [7 1] [4 2] [2 3]
6 [10 1] [5 2] [2 3]
7 [10 1] [5 2] [2 3]
8 [10 1] [5 2] [2 3]


13 3
11 [1 1]
12 [1 1]
13 [1 1]
14 [1 1]
15 [1 1]
16 [2 1]
17 [3 1]
18 [3 1]
19 [3 1]
20 [2 1]
21 [1 1]
22 [1 1]
23 [1 1]
9
0 [4 1] [2 2] [1 3]
1 [4 1] [2 2] [1 3]
2 [4 1] [2 2] [1 3]
3 [7 1] [4 2] [1 3]
4 [7 1] [4 2] [1 3]
5 [7 1] [4 2] [2 3]
6 [10 1] [5 2] [2 3]
7 [10 1] [5 2] [2 3]
8 [10 1] [5 2] [2 3]


0 3
9
0 [4 1] [2 2] [1 3]
1 [4 1] [2 2] [1 3]
2 [4 1] [2 2] [1 3]
3 [7 1] [4 2] [1 3]
4 [7 1] [4 2] [1 3]
5 [7 1] [4 2] [2 3]
6 [10 1] [5 2] [2 3]
7 [10 1] [5 2] [2 3]
8 [10 1] [5 2] [2 3]


0 3
9
0 [4 1] [2 2] [1 3]
1 [4 1] [2 2] [1 3]
2 [4 1] [2 2] [1 3]
3 [7 1] [4 2] [1 3]
4 [7 1] [4 2] [1 3]
5 [7 1] [4 2] [2 3]
6 [10 1] [5 2] [2 3]
7 [10 1] [5 2] [2 3]
8 [10 1] [5 2] [2 3]



250     !20    !20    !30    !40    !60    !120   !130   !100   !90    !60    !40    !20    !20
[[0-8]  [11]   [12]   [13]   [14]   [15]   [16]   [17]   [18]   [19]   [20]   [21]   [22]   [23] ]
[[0-8]  [0-8]  [0-8]  [0-8]  [0-8]  [0-8]  [0-8]  [0-8]  [0-8]  [0-8]  [0-8]  [0-8]  [0-8]  [0-8]]
[[0-8]  [0-8]  [0-8]  [0-8]  [0-8]  [0-8]  [0-8]  [0-8]  [0-8]  [0-8]  [0-8]  [0-8]  [0-8]  [0-8]]

900     !3     !3     !3     !3     !3     !15    !15    !15    !15    !16    !3     !3     !3
[[0-8]  [11]   [12]   [13]   [14]   [15]   [16]   [17]   [18]   [19]   [20]   [21]   [22]   [23] ]
[[0-8]  [0-8]  [0-8]  [0-8]  [0-8]  [0-8]  [0-8]  [0-8]  [0-8]  [0-8]  [0-8]  [0-8]  [0-8]  [0-8]]
[[0-8]  [0-8]  [0-8]  [0-8]  [0-8]  [0-8]  [0-8]  [0-8]  [0-8]  [0-8]  [0-8]  [0-8]  [0-8]  [0-8]]

900     !3     !3     !3     !3     !3     !15    !15    !15    !15    !16    !3     !3     !3
[[0-8]  [11]   [12]   [13]   [14]   [15]   [16]   [17]   [18]   [19]   [20]   [21]   [22]   [23] ]
[[0-8]  [0-8]  [0-8]  [0-8]  [0-8]  [0-8]  [0-8]  [0-8]  [0-8]  [0-8]  [0-8]  [0-8]  [0-8]  [0-8]]
[[0-8]  [0-8]  [0-8]  [0-8]  [0-8]  [0-8]  [0-8]  [0-8]  [0-8]  [0-8]  [0-8]  [0-8]  [0-8]  [0-8]]

1000
[[0-8] ]
[[0-8] ]
[[0-8] ]

1000
[[0-8]  ]
[[0-8]  ]
[[0-8]  ]
