3 5

0 0
10
0 [10 1] [3 2] [1 3] # [кол-во стаков - длина стака]
1 [10 1] [3 2] [1 3]
2 [10 1] [3 2] [1 3]
3 [10 1] [3 2] [1 3]
4 [10 1] [3 2] [1 3]
5 [10 1] [3 2] [1 3]
6 [10 1] [3 2] [1 3]
7 [10 1] [3 2] [1 3]
8 [10 1] [3 2] [1 3]
20 [10 1] [5 2]


0 0
10
0 [10 1] [3 2] [1 3] # [кол-во стаков - длина стака]
1 [10 1] [3 2] [1 3]
2 [10 1] [3 2] [1 3]
3 [10 1] [3 2] [1 3]
4 [10 1] [3 2] [1 3]
5 [10 1] [3 2] [1 3]
6 [10 1] [3 2] [1 3]
7 [10 1] [3 2] [1 3]
8 [10 1] [3 2] [1 3]
20 [10 1] [5 2] [2 3]

0 0
10
0 [10 1] [3 2] [1 3] # [кол-во стаков - длина стака]
1 [10 1] [3 2] [1 3]
2 [10 1] [3 2] [1 3]
3 [10 1] [3 2] [1 3]
4 [10 1] [3 2] [1 3]
5 [10 1] [3 2] [1 3]
6 [10 1] [3 2] [1 3]
7 [10 1] [3 2] [1 3]
8 [10 1] [3 2] [1 3]
20 [10 1] [5 2]

0 0
10
0 [10 1] [3 2] [1 3] # [кол-во стаков - длина стака]
1 [10 1] [3 2] [1 3]
2 [10 1] [3 2] [1 3]
3 [10 1] [3 2] [1 3]
4 [10 1] [3 2] [1 3]
5 [10 1] [3 2] [1 3]
6 [10 1] [3 2] [1 3]
7 [10 1] [3 2] [1 3]
8 [10 1] [3 2] [1 3]
20 [10 1] [5 2]

0 0
10
0 [10 1] [3 2] [1 3] # [кол-во стаков - длина стака]
1 [10 1] [3 2] [1 3]
2 [10 1] [3 2] [1 3]
3 [10 1] [3 2] [1 3]
4 [10 1] [3 2] [1 3]
5 [10 1] [3 2] [1 3]
6 [10 1] [3 2] [1 3]
7 [10 1] [3 2] [1 3]
8 [10 1] [3 2] [1 3]
20 [10 1] [5 2] [2 3]


970 !15 !15
[[0-8]  [20]    [20] ]
[[0-8]  [0-8]   [20] ]
[[0-8]  [0-8]   [0-8]]

960 !25 !10 5
[[0-8]  [20]    [20]    [20]]
[[0-8]  [0-8]   [20]    [20]]
[[0-8]  [0-8]   [0-8]   [20]]

980 !10 !10
[[0-8]  [20]    [20] ]
[[0-8]  [0-8]   [20] ]
[[0-8]  [0-8]   [0-8]]

950 !38 !12
[[0-8]  [20]    [20] ]
[[0-8]  [0-8]   [20] ]
[[0-8]  [0-8]   [0-8]]

940 !41 !14 5
[[0-8]  [20]    [20]    [20]]
[[0-8]  [0-8]   [20]    [20]]
[[0-8]  [0-8]   [0-8]   [20]]
