2 5

# border cheap
0 0
10
11 [9 1]
12 [8 1]
13 [7 1]
14 [6 1]
15 [5 1]
16 [4 1]
17 [3 1]
18 [2 1]
19 [1 1]
24 [20 1]

# border rich
0 0
10
11 [9 1]
12 [8 1]
13 [7 1]
14 [6 1]
15 [5 1]
16 [4 1]
17 [3 1]
18 [2 1]
19 [1 1]
24 [20 1]

# center cheap
0 0
14
11 [13 1]
12 [12 1]
13 [11 1]
14 [10 1]
15 [9 1]
16 [8 1]
17 [7 1]
18 [6 1]
19 [5 1]
20 [4 1]
21 [3 1]
22 [2 1]
23 [1 1]
24 [20 1]

# center rich
0 0
14
11 [13 1]
12 [12 1]
13 [11 1]
14 [10 1]
15 [9 1]
16 [8 1]
17 [7 1]
18 [6 1]
19 [5 1]
20 [4 1]
21 [3 1]
22 [2 1]
23 [1 1]
24 [20 1]

# upgrade
0 0
10
11 [9 1]
12 [8 1]
13 [7 1]
14 [6 1]
15 [5 1]
16 [4 1]
17 [3 1]
18 [2 1]
19 [1 1]
24 [20 1]


100
[[24] ]
[[+]  ]

8680 740 370 60 50 40 30 20 10
[[11] [12] [13] [14] [15] [16] [17] [18] [19]]
[[+]  [+]  [+]  [+]  [+]  [+]  [+]  [+]  [+]]

100
[[24] ]
[[+]  ]

#7704 650 320 100 80 40 30 20 10 5 1000 10 5
8500 644 450 60 50 40 30 20 10 5 150 10 5
[[11] [12] [13] [14] [15] [16] [17] [18] [19] [20] [21] [22] [23]]
[[+]  [+]  [+]  [+]  [+]  [+]  [+]  [+]  [+]  [+]  [+]  [+]  [+]]

8680 740 370 60 50 40 30 20 10
[[11] [12] [13] [14] [15] [16] [17] [18] [19]]
[[+]  [+]  [+]  [+]  [+]  [+]  [+]  [+]  [+]]
