3 5

0 3
9
0 [5 2]
1 [4 1] [2 2] [1 3]
2 [4 1] [2 2] [1 3]
3 [7 1] [4 2] [1 3]
4 [7 1] [4 2] [1 3]
5 [7 1] [4 2] [2 3]
6 [10 1] [5 2] [2 3]
7 [10 1] [5 2] [2 3]
8 [10 1] [5 2] [2 3]

0 3
9
0 [5 2]
1 [4 1] [2 2] [1 3]
2 [4 1] [2 2] [1 3]
3 [7 1] [4 2] [1 3]
4 [7 1] [4 2] [1 3]
5 [7 1] [4 2] [2 3]
6 [10 1] [5 2] [2 3]
7 [10 1] [5 2] [2 3]
8 [10 1] [5 2] [2 3]

1 3
11 [8 3]
9
0 [5 2]
1 [4 1] [2 2] [1 3]
2 [4 1] [2 2] [1 3]
3 [7 1] [4 2] [1 3]
4 [7 1] [4 2] [1 3]
5 [7 1] [4 2] [2 3]
6 [10 1] [5 2] [2 3]
7 [10 1] [5 2] [2 3]
8 [10 1] [5 2] [2 3]


0 3
9
0 [5 2]
1 [4 1] [2 2] [1 3]
2 [4 1] [2 2] [1 3]
3 [7 1] [4 2] [1 3]
4 [7 1] [4 2] [1 3]
5 [7 1] [4 2] [2 3]
6 [10 1] [5 2] [2 3]
7 [10 1] [5 2] [2 3]
8 [10 1] [5 2] [2 3]


0 3
9
0 [5 2]
1 [4 1] [2 2] [1 3]
2 [4 1] [2 2] [1 3]
3 [7 1] [4 2] [1 3]
4 [7 1] [4 2] [1 3]
5 [7 1] [4 2] [2 3]
6 [10 1] [5 2] [2 3]
7 [10 1] [5 2] [2 3]
8 [10 1] [5 2] [2 3]


1000
[[0-8] ]
[[0-8] ]
[[0-8] ]


1000
[[0-8] ]
[[0-8] ]
[[0-8]]

360     !170  !40  430
[[0-8] [11]  [11]  [11]]
[[0-8] [0-8] [11]  [11]]
[[0-8] [0-8] [0-8] [11]]

1000
[[0-8] ]
[[0-8] ]
[[0-8]]

1000
[[0-8] ]
[[0-8] ]
[[0-8]]