3 5

0 3
9
0 [5 2]
1 [4 1] [2 2] [1 3]
2 [4 1] [2 2] [1 3]
3 [7 1] [4 2] [1 3]
4 [7 1] [4 2] [1 3]
5 [7 1] [4 2] [2 3]
6 [10 1] [5 2] [2 3]
7 [10 1] [5 2] [2 3]
8 [10 1] [5 2] [2 3]



1 3
11 [15 2]
9
0 [5 2]
1 [4 1] [2 2] [1 3]
2 [4 1] [2 2] [1 3]
3 [7 1] [4 2] [1 3]
4 [7 1] [4 2] [1 3]
5 [7 1] [4 2] [2 3]
6 [10 1] [5 2] [2 3]
7 [10 1] [5 2] [2 3]
8 [10 1] [5 2] [2 3]


0 3
9
0 [5 2]
1 [4 1] [2 2] [1 3]
2 [4 1] [2 2] [1 3]
3 [7 1] [4 2] [1 3]
4 [7 1] [4 2] [1 3]
5 [7 1] [4 2] [2 3]
6 [10 1] [5 2] [2 3]
7 [10 1] [5 2] [2 3]
8 [10 1] [5 2] [2 3]


0 3
9
0 [5 2]
1 [4 1] [2 2] [1 3]
2 [4 1] [2 2] [1 3]
3 [7 1] [4 2] [1 3]
4 [7 1] [4 2] [1 3]
5 [7 1] [4 2] [2 3]
6 [10 1] [5 2] [2 3]
7 [10 1] [5 2] [2 3]
8 [10 1] [5 2] [2 3]


13 3
11 [1 1]
12 [2 1]
13 [3 1]
14 [3 1]
15 [3 1]
16 [2 1]
17 [2 1]
18 [1 1]
19 [1 1]
20 [1 1]
21 [1 1]
22 [1 1]
23 [1 1]
9
0 [5 2]
1 [4 1] [2 2] [1 3]
2 [4 1] [2 2] [1 3]
3 [7 1] [4 2] [1 3]
4 [7 1] [4 2] [1 3]
5 [7 1] [4 2] [2 3]
6 [10 1] [5 2] [2 3]
7 [10 1] [5 2] [2 3]
8 [10 1] [5 2] [2 3]



1000
[[0-8] ]
[[0-8] ]
[[0-8] ]

650     !100  !250
[[0-8]  [11]  [11] ]
[[0-8]  [0-8] [11] ]
[[0-8]  [0-8] [0-8]]

1000
[[0-8] ]
[[0-8] ]
[[0-8] ]

1000
[[0-8] ]
[[0-8] ]
[[0-8] ]

50     !10    !20    !40    !60    !90    !170   !170   !120   !100    !70    !50    !30    !20
[[0-8]  [11]   [12]   [13]   [14]   [15]   [16]   [17]   [18]   [19]   [20]   [21]   [22]   [23] ]
[[0-8]  [0-8]  [0-8]  [0-8]  [0-8]  [0-8]  [0-8]  [0-8]  [0-8]  [0-8]  [0-8]  [0-8]  [0-8]  [0-8]]
[[0-8]  [0-8]  [0-8]  [0-8]  [0-8]  [0-8]  [0-8]  [0-8]  [0-8]  [0-8]  [0-8]  [0-8]  [0-8]  [0-8]]
