3 5

1 3
33 [32 1] [6 2] [3 3]
9
0 [10 1] [3 2] [1 3] # [кол-во стаков - длина стака]
1 [10 1] [3 2] [1 3]
2 [10 1] [3 2] [1 3]
3 [10 1] [3 2] [1 3]
4 [10 1] [3 2] [1 3]
5 [10 1] [3 2] [1 3]
6 [10 1] [3 2] [1 3]
7 [10 1] [3 2] [1 3]
8 [10 1] [3 2] [1 3]



1 3
33 [32 1] [6 2]
9
0 [10 1] [3 2] [1 3] # [кол-во стаков - длина стака]
1 [10 1] [3 2] [1 3]
2 [10 1] [3 2] [1 3]
3 [10 1] [3 2] [1 3]
4 [10 1] [3 2] [1 3]
5 [10 1] [3 2] [1 3]
6 [10 1] [3 2] [1 3]
7 [10 1] [3 2] [1 3]
8 [10 1] [3 2] [1 3]


1 3
33 [32 1] [6 2]
9
0 [10 1] [3 2] [1 3] # [кол-во стаков - длина стака]
1 [10 1] [3 2] [1 3]
2 [10 1] [3 2] [1 3]
3 [10 1] [3 2] [1 3]
4 [10 1] [3 2] [1 3]
5 [10 1] [3 2] [1 3]
6 [10 1] [3 2] [1 3]
7 [10 1] [3 2] [1 3]
8 [10 1] [3 2] [1 3]


1 3
33 [32 1] [6 2] [3 3]
9
0 [10 1] [3 2] [1 3] # [кол-во стаков - длина стака]
1 [10 1] [3 2] [1 3]
2 [10 1] [3 2] [1 3]
3 [10 1] [3 2] [1 3]
4 [10 1] [3 2] [1 3]
5 [10 1] [3 2] [1 3]
6 [10 1] [3 2] [1 3]
7 [10 1] [3 2] [1 3]
8 [10 1] [3 2] [1 3]


1 3
33 [32 1] [6 2]
9
0 [10 1] [3 2] [1 3] # [кол-во стаков - длина стака]
1 [10 1] [3 2] [1 3]
2 [10 1] [3 2] [1 3]
3 [10 1] [3 2] [1 3]
4 [10 1] [3 2] [1 3]
5 [10 1] [3 2] [1 3]
6 [10 1] [3 2] [1 3]
7 [10 1] [3 2] [1 3]
8 [10 1] [3 2] [1 3]



8000 !1400 !400 200
[[0-8]  [33]    [33]  [33]]
[[0-8]  [0-8]   [33]  [33]]
[[0-8]  [0-8]   [0-8] [33]]

8000 !1500 !500
[[0-8]  [33]    [33]   ]
[[0-8]  [0-8]   [33]   ]
[[0-8]  [0-8]   [0-8]  ]

8000 !1400 !600
[[0-8]  [33]    [33] ]
[[0-8]  [0-8]   [33] ]
[[0-8]  [0-8]   [0-8]]

8000 !1300 !500 200
[[0-8]  [33]    [33]  [33]]
[[0-8]  [0-8]   [33]  [33]]
[[0-8]  [0-8]   [0-8] [33]]

8000 !1500 !500
[[0-8]  [33]    [33]   ]
[[0-8]  [0-8]   [33]   ]
[[0-8]  [0-8]   [0-8]  ]
