# Первая строчка: высотаХширина окна
# Вторая строчка: Кол-во спец символов + расстояние между спец символами, для всех одинаковое
# Спец символы: символ - [длина стака - количествоа таких стаков]
# Кол-во обычных символов в этом риле
# Далее символ: [кол-во стаков - длина стака]
#
3 5

1 4
10 [3 1]
10
0 [10 1] [5 2] [2 3] # [кол-во стаков - длина стака]
1 [10 1] [5 2] [2 3]
2 [10 1] [5 2] [2 3]
3 [10 1] [5 2] [2 3]
4 [10 1] [5 2] [2 3]
5 [10 1] [5 2] [2 3]
6 [10 1] [5 2] [2 3]
7 [10 1] [5 2] [2 3]
8 [10 1] [5 2] [2 3]
9 [10 1] [5 2] [2 3]

1 4
10 [5 1]
10
0 [4 1] [2 2] [1 3] # [кол-во стаков - длина стака]
1 [4 1] [2 2] [1 3]
2 [4 1] [2 2] [1 3]
3 [4 1] [2 2] [1 3]
4 [4 1] [2 2] [1 3]
5 [4 1] [2 2] [1 3]
6 [4 1] [2 2] [1 3]
7 [4 1] [2 2] [1 3]
8 [4 1] [2 2] [1 3]
9 [4 1] [2 2] [1 3]

1 4
10 [5 1]
10
0 [4 1] [2 2] [1 3] # [кол-во стаков - длина стака]
1 [4 1] [2 2] [1 3]
2 [4 1] [2 2] [1 3]
3 [4 1] [2 2] [1 3]
4 [4 1] [2 2] [1 3]
5 [4 1] [2 2] [1 3]
6 [4 1] [2 2] [1 3]
7 [4 1] [2 2] [1 3]
8 [4 1] [2 2] [1 3]
9 [4 1] [2 2] [1 3]

1 4
10 [5 1]
10
0 [4 1] [2 2] [1 3] # [кол-во стаков - длина стака]
1 [4 1] [2 2] [1 3]
2 [4 1] [2 2] [1 3]
3 [4 1] [2 2] [1 3]
4 [4 1] [2 2] [1 3]
5 [4 1] [2 2] [1 3]
6 [4 1] [2 2] [1 3]
7 [4 1] [2 2] [1 3]
8 [4 1] [2 2] [1 3]
9 [4 1] [2 2] [1 3]

1 4
10 [5 1]
10
0 [4 1] [2 2] [1 3] # [кол-во стаков - длина стака]
1 [4 1] [2 2] [1 3]
2 [4 1] [2 2] [1 3]
3 [4 1] [2 2] [1 3]
4 [4 1] [2 2] [1 3]
5 [4 1] [2 2] [1 3]
6 [4 1] [2 2] [1 3]
7 [4 1] [2 2] [1 3]
8 [4 1] [2 2] [1 3]
9 [4 1] [2 2] [1 3]

!10 !70 !15
[[+]   [0-4]  [5-9]]
[[10]  [5-9]  [0-4]]
[[+]   [0-4]  [5-9]]

!10 !70 !15
[[+]   [0-4]  [5-9]]
[[10]  [5-9]  [0-4]]
[[+]   [0-4]  [5-9]]

!10 !70 !15
[[+]   [0-4]  [5-9]]
[[10]  [5-9]  [0-4]]
[[+]   [0-4]  [5-9]]

!10 !70 !15
[[+]   [0-4]  [5-9]]
[[10]  [5-9]  [0-4]]
[[+]   [0-4]  [5-9]]

!10 !70 !15
[[+]   [0-4]  [5-9]]
[[10]  [5-9]  [0-4]]
[[+]   [0-4]  [5-9]]
