4 5

0 0
12
0 [2 3]
1 [2 3]
2 [2 3]
3 [2 3]
4 [2 3]
5 [2 3]
6 [2 3]
7  [2 1] [2 2] [1 3]
8  [2 1] [2 2] [1 3]
9  [2 1] [2 2] [1 3]
10 [2 1] [2 2] [1 3]
11 [2 1] [2 2] [1 3]

1 5
12 [5 5]
12
0 [1 3]
1 [1 3]
2 [1 3]
3 [1 3]
4 [1 3]
5 [1 3]
6 [1 3]
7  [1 1] [1 2] [1 3]
8  [1 1] [1 2] [1 3]
9  [1 1] [1 2] [1 3]
10 [1 1] [1 2] [1 3]
11 [1 1] [1 2] [1 3]

1 5
12 [5 5]
12
0 [1 3]
1 [1 3]
2 [1 3]
3 [1 3]
4 [1 3]
5 [1 3]
6 [1 3]
7  [1 1] [1 2] [1 3]
8  [1 1] [1 2] [1 3]
9  [1 1] [1 2] [1 3]
10 [1 1] [1 2] [1 3]
11 [1 1] [1 2] [1 3]

1 5
12 [5 5]
12
0 [1 3]
1 [1 3]
2 [1 3]
3 [1 3]
4 [1 3]
5 [1 3]
6 [1 3]
7  [1 1] [1 2] [1 3]
8  [1 1] [1 2] [1 3]
9  [1 1] [1 2] [1 3]
10 [1 1] [1 2] [1 3]
11 [1 1] [1 2] [1 3]

0 0
12
0 [2 3]
1 [2 3]
2 [2 3]
3 [2 3]
4 [2 3]
5 [2 3]
6 [2 3]
7  [2 1] [2 2] [1 3]
8  [2 1] [2 2] [1 3]
9  [2 1] [2 2] [1 3]
10 [2 1] [2 2] [1 3]
11 [2 1] [2 2] [1 3]

1
[[+]]
[[+]]
[[+]]
[[+]]

!100
[[12]]
[[12]]
[[12]]
[[0-11]]

100
[[12]]
[[12]]
[[12]]
[[12]]

!100
[[12]]
[[12]]
[[12]]
[[0-11]]

1
[[+]]
[[+]]
[[+]]
[[+]]