<Reelset reelName="Main Reels Set 3" range="60000 81899" betsIndices="2 3" isFortuneBet="false" isMainCycle="true" isStartScreen="true" section="0">
            <Reel>
                <Symbols>13,0,1,1,11,0,3,3,3,11,11,1,4,6,6,3,11,12,12,7,7,1,0,8,14,1,6,3,14,11,7,7,7,8,2,11,4,4,2,6,6,11,0,0,8,4,7,6,11,2,5,3,13,12,8,7,2,2,2,3,21,5,5,4,0,11,2,2,6,13,4,4,7,8,13,4,2,0,16,5,6,7,8,8,8,2,5,8,15,3,6,6,6,1,4,5,11,0,0,4,6,12,12,1,1,1,11,7,5,5,1,1,11,13,11,7,7,3,2,11,8,8,1,11,6,0,0,0,12,11,5,5,0,0,5,11,7,2,0,8,8,11,4,4,4,8,12,7,4,4,17,3,0,4,11,2,5,1,12,8,2,2,12,6,7,3,1,14,11,12,5,8,3,3,11,6,6,2,2,13,8,8,6,2,11,5,5,5,4,1,1,12,7,7,3,1,6,12,2,3,3,11,5,7,0,6,11,13,3,3,5,11,4,0,1,4,14,8,0,7,14,5,1,3</Symbols>
                <Weights>1,1,1,1,1,1,1,1,1,1,1,1,1,1,1,1,1,1,1,1,1,1,1,1,1,1,1,1,1,1,1,1,1,1,1,1,1,1,1,1,1,1,1,1,1,1,1,1,1,1,1,1,1,1,1,1,1,1,1,1,1,1,1,1,1,1,1,1,1,1,1,1,1,1,1,1,1,1,1,1,1,1,1,1,1,1,1,1,1,1,1,1,1,1,1,1,1,1,1,1,1,1,1,1,1,1,1,1,1,1,1,1,1,1,1,1,1,1,1,1,1,1,1,1,1,1,1,1,1,1,1,1,1,1,1,1,1,1,1,1,1,1,1,1,1,1,1,1,1,1,1,1,1,1,1,1,1,1,1,1,1,1,1,1,1,1,1,1,1,1,1,1,1,1,1,1,1,1,1,1,1,1,1,1,1,1,1,1,1,1,1,1,1,1,1,1,1,1,1,1,1,1,1,1,1,1,1,1,1,1,1,1,1,1,1,1,1,1,1,1,1,1,1,1</Weights>
            </Reel>
            <Reel>
                <Symbols>11,8,2,7,6,3,3,11,0,5,3,3,7,2,2,11,5,5,4,2,13,5,3,0,6,12,11,7,7,0,11,4,1,6,7,5,1,11,8,3,4,13,6,6,0,2,7,13,6,2,2,11,7,5,5,5,11,13,0,0,8,3,3,3,12,7,1,2,8,5,15,1,0,2,2,2,0,4,4,12,6,6,2,5,11,1,3,4,6,14,1,1,1,7,13,8,8,8,4,12,1,0,2,11,8,1,0,11,7,1,5,5,12,4,4,4,0,18,8,3,5,11,2,3,0,0,8,1,1,11,8,8,6,4,16,3,1,6,8,8,13,12,4,4,3,7,7,7,12,2,1,4,6,6,8,8,11,4,4,6,0,11,8,1,1,11,7,4,3,0,0,11,3,3,2,6,4,14,3,6,2,5,12,12,0,0,0,14,5,8,4,5,7,11,6,6,6,14,11,8,5,5,22,3,7,7,5,2,2,11,11,1,1,7,7</Symbols>
                <Weights>1,1,1,1,1,1,1,1,1,1,1,1,1,1,1,1,1,1,1,1,1,1,1,1,1,1,1,1,1,1,1,1,1,1,1,1,1,1,1,1,1,1,1,1,1,1,1,1,1,1,1,1,1,1,1,1,1,1,1,1,1,1,1,1,1,1,1,1,1,1,1,1,1,1,1,1,1,1,1,1,1,1,1,1,1,1,1,1,1,1,1,1,1,1,1,1,1,1,1,1,1,1,1,1,1,1,1,1,1,1,1,1,1,1,1,1,1,1,1,1,1,1,1,1,1,1,1,1,1,1,1,1,1,1,1,1,1,1,1,1,1,1,1,1,1,1,1,1,1,1,1,1,1,1,1,1,1,1,1,1,1,1,1,1,1,1,1,1,1,1,1,1,1,1,1,1,1,1,1,1,1,1,1,1,1,1,1,1,1,1,1,1,1,1,1,1,1,1,1,1,1,1,1,1,1,1,1,1,1,1,1,1,1,1,1</Weights>
            </Reel>
            <Reel>
                <Symbols>6,7,7,12,2,6,6,16,7,2,5,1,2,2,13,12,5,0,8,11,2,7,7,0,1,13,4,3,1,7,3,4,4,11,13,2,2,4,4,5,5,14,8,8,7,2,0,11,8,5,7,23,2,2,2,13,3,8,8,2,12,12,6,7,7,8,11,3,0,0,0,8,7,11,5,6,4,8,8,8,12,11,0,0,8,3,12,1,6,6,0,11,1,7,3,13,4,1,6,5,8,6,14,11,7,4,5,6,4,8,8,15,2,2,7,8,5,5,12,0,0,5,7,6,5,11,0,1,3,3,11,0,2,3,14,1,1,4,11,6,5,4,4,11,5,5,5,11,1,1,4,3,8,12,0,5,5,4,11,8,0,2,6,0,0,14,3,3,6,1,1,11,3,7,5,11,11,2,1,1,1,11,6,6,4,7,7,7,0,2,17,1,3,3,3,1,11,4,4,4,12,2,3,1,11,4,6,6,6,13,0,8,3,3</Symbols>
                <Weights>1,1,1,1,1,1,1,1,1,1,1,1,1,1,1,1,1,1,1,1,1,1,1,1,1,1,1,1,1,1,1,1,1,1,1,1,1,1,1,1,1,1,1,1,1,1,1,1,1,1,1,1,1,1,1,1,1,1,1,1,1,1,1,1,1,1,1,1,1,1,1,1,1,1,1,1,1,1,1,1,1,1,1,1,1,1,1,1,1,1,1,1,1,1,1,1,1,1,1,1,1,1,1,1,1,1,1,1,1,1,1,1,1,1,1,1,1,1,1,1,1,1,1,1,1,1,1,1,1,1,1,1,1,1,1,1,1,1,1,1,1,1,1,1,1,1,1,1,1,1,1,1,1,1,1,1,1,1,1,1,1,1,1,1,1,1,1,1,1,1,1,1,1,1,1,1,1,1,1,1,1,1,1,1,1,1,1,1,1,1,1,1,1,1,1,1,1,1,1,1,1,1,1,1,1,1,1,1,1,1,1,1,1,1</Weights>
            </Reel>
            <Reel>
                <Symbols>15,7,7,1,11,3,3,2,11,0,0,2,2,14,6,6,6,4,11,3,5,6,3,3,13,6,6,8,5,1,2,11,5,7,1,1,13,12,7,0,3,5,12,4,2,6,5,12,1,3,8,16,0,0,2,12,8,0,0,1,4,4,18,8,8,3,7,4,11,0,6,3,11,0,7,5,5,11,4,8,8,8,1,4,11,0,7,7,2,1,1,11,0,0,0,14,5,5,0,2,2,11,1,3,0,13,6,6,2,5,5,11,13,4,4,1,1,1,4,11,11,8,3,3,0,12,2,6,0,5,7,11,6,1,5,14,7,4,4,4,12,11,12,1,1,7,2,2,8,11,6,3,3,3,11,2,2,2,3,11,4,7,6,11,14,11,5,7,7,7,8,13,11,12,4,4,3,12,5,8,4,20,0,2,4,8,12,12,6,5,1,7,7,11,8,6,6,14,11,0,7,5,5,5,11,3,8,8,4,12,11,3,1,6,13,2,8,1,13,7,8,8,2,6</Symbols>
                <Weights>1,1,1,1,1,1,1,1,1,1,1,1,1,1,1,1,1,1,1,1,1,1,1,1,1,1,1,1,1,1,1,1,1,1,1,1,1,1,1,1,1,1,1,1,1,1,1,1,1,1,1,1,1,1,1,1,1,1,1,1,1,1,1,1,1,1,1,1,1,1,1,1,1,1,1,1,1,1,1,1,1,1,1,1,1,1,1,1,1,1,1,1,1,1,1,1,1,1,1,1,1,1,1,1,1,1,1,1,1,1,1,1,1,1,1,1,1,1,1,1,1,1,1,1,1,1,1,1,1,1,1,1,1,1,1,1,1,1,1,1,1,1,1,1,1,1,1,1,1,1,1,1,1,1,1,1,1,1,1,1,1,1,1,1,1,1,1,1,1,1,1,1,1,1,1,1,1,1,1,1,1,1,1,1,1,1,1,1,1,1,1,1,1,1,1,1,1,1,1,1,1,1,1,1,1,1,1,1,1,1,1,1,1,1,1,1,1,1,1,1,1,1,1,1</Weights>
            </Reel>
            <Reel>
                <Symbols>3,6,3,3,3,0,11,6,6,2,0,2,11,13,4,6,3,0,13,6,2,4,4,11,3,2,7,7,11,4,5,5,1,11,2,2,5,11,6,4,4,4,8,5,7,7,7,11,1,1,8,0,0,8,11,7,7,3,0,11,1,6,4,12,12,5,5,7,1,1,1,17,0,7,1,13,4,5,8,8,8,11,11,1,1,4,8,5,12,0,0,4,6,11,7,3,3,12,11,5,7,3,3,5,6,6,12,2,1,4,7,15,3,4,4,0,5,5,5,12,7,7,0,0,0,11,7,5,8,14,3,2,2,7,11,8,8,2,3,4,12,7,8,1,11,4,0,3,13,1,8,5,5,12,2,2,1,6,11,0,0,2,14,7,6,6,11,8,5,1,13,12,2,8,6,6,6,14,11,4,4,0,3,7,1,16,0,2,2,2,13,3,3,6,5,8,8,11,2,1,1,14,5,3,6,8,19,0,6,8,8,4,1,11,2</Symbols>
                <Weights>1,1,1,1,1,1,1,1,1,1,1,1,1,1,1,1,1,1,1,1,1,1,1,1,1,1,1,1,1,1,1,1,1,1,1,1,1,1,1,1,1,1,1,1,1,1,1,1,1,1,1,1,1,1,1,1,1,1,1,1,1,1,1,1,1,1,1,1,1,1,1,1,1,1,1,1,1,1,1,1,1,1,1,1,1,1,1,1,1,1,1,1,1,1,1,1,1,1,1,1,1,1,1,1,1,1,1,1,1,1,1,1,1,1,1,1,1,1,1,1,1,1,1,1,1,1,1,1,1,1,1,1,1,1,1,1,1,1,1,1,1,1,1,1,1,1,1,1,1,1,1,1,1,1,1,1,1,1,1,1,1,1,1,1,1,1,1,1,1,1,1,1,1,1,1,1,1,1,1,1,1,1,1,1,1,1,1,1,1,1,1,1,1,1,1,1,1,1,1,1,1,1,1,1,1,1,1,1,1,1,1,1,1,1,1</Weights>
            </Reel>
        </Reelset>