3 5

13 3
51 [1 2]
52 [1 2]
53 [1 2]
54 [1 2]
55 [3 3]
11 [16 1] [1 2]
12 [5 1]  [1 2]
13 [4 1]
14 [3 1]
21 [1 1]
17 [1 1]
15 [1 1]
16 [1 1]
9
0 [7 2]
1 [12 1] [3 2] [1 3]
2 [12 1] [3 2] [1 3]
3 [12 1] [3 2] [1 3]
4 [12 1] [3 2] [1 3]
5 [12 1] [3 2] [1 3]
6 [12 1] [3 2] [1 3]
7 [12 1] [3 2] [1 3]
8 [12 1] [3 2] [1 3]

12 3
51 [1 2]
52 [1 2]
53 [1 2]
54 [1 2]
11 [16 1] [1 2]
12 [5 1]  [1 2]
13 [4 1]
14 [3 1]
22 [1 1]
18 [1 1]
15 [1 1]
16 [1 1]
9
0 [7 2]
1 [12 1] [3 2] [1 3]
2 [12 1] [3 2] [1 3]
3 [12 1] [3 2] [1 3]
4 [12 1] [3 2] [1 3]
5 [12 1] [3 2] [1 3]
6 [12 1] [3 2] [1 3]
7 [12 1] [3 2] [1 3]
8 [12 1] [3 2] [1 3]

12 3
51 [1 2]
52 [1 2]
53 [1 2]
54 [1 2]
11 [15 1] [1 2]
12 [5 1]  [1 2]
13 [4 1]
14 [3 1]
23 [1 1]
17 [1 1]
15 [1 1]
16 [1 1]
9
0 [7 2]
1 [12 1] [3 2] [1 3]
2 [12 1] [3 2] [1 3]
3 [12 1] [3 2] [1 3]
4 [12 1] [3 2] [1 3]
5 [12 1] [3 2] [1 3]
6 [12 1] [3 2] [1 3]
7 [12 1] [3 2] [1 3]
8 [12 1] [3 2] [1 3]

13 3
51 [1 2]
52 [1 2]
53 [1 2]
54 [1 2]
55 [3 3]
11 [16 1] [1 2]
12 [5 1]  [1 2]
13 [4 1]
14 [3 1]
20 [1 1]
18 [1 1]
15 [1 1]
16 [1 1]
9
0 [7 2]
1 [12 1] [3 2] [1 3]
2 [12 1] [3 2] [1 3]
3 [12 1] [3 2] [1 3]
4 [12 1] [3 2] [1 3]
5 [12 1] [3 2] [1 3]
6 [12 1] [3 2] [1 3]
7 [12 1] [3 2] [1 3]
8 [12 1] [3 2] [1 3]

12 3
51 [1 2]
52 [1 2]
53 [1 2]
54 [1 2]
11 [16 1] [1 2]
12 [5 1]  [1 2]
13 [4 1]
14 [3 1]
19 [1 1]
17 [1 1]
15 [1 1]
16 [1 1]
9
0 [7 2]
1 [12 1] [3 2] [1 3]
2 [12 1] [3 2] [1 3]
3 [12 1] [3 2] [1 3]
4 [12 1] [3 2] [1 3]
5 [12 1] [3 2] [1 3]
6 [12 1] [3 2] [1 3]
7 [12 1] [3 2] [1 3]
8 [12 1] [3 2] [1 3]



#8000    !3    !5    !6    !5    !895  !370  !90   !26   !200  !140  !24   !16   !12   !8    200
#[[0-8]  [21]  [17]  [15]  [16]  [11]  [12]  [13]  [14]  [51]  [52]  [53]  [54]  [55]  [56]  [57]]
#[[0-8]  [0-8] [0-8] [0-8] [0-8] [0-8] [0-8] [0-8] [0-8] [51]  [52]  [53]  [54]  [55]  [56]  [57]]
#[[0-8]  [0-8] [0-8] [0-8] [0-8] [0-8] [0-8] [0-8] [0-8] [0-8] [0-8] [0-8] [0-8] [0-8] [0-8] [57]]

#8000    !3    !4    !6    !4    !997  !370  !90   !26   !250  !175  !30   !20   !15   !10
#[[0-8]  [22]  [18]  [15]  [16]  [11]  [12]  [13]  [14]  [51]  [52]  [53]  [54]  [55]  [56]  ]
#[[0-8]  [0-8] [0-8] [0-8] [0-8] [0-8] [0-8] [0-8] [0-8] [51]  [52]  [53]  [54]  [55]  [56]  ]
#[[0-8]  [0-8] [0-8] [0-8] [0-8] [0-8] [0-8] [0-8] [0-8] [0-8] [0-8] [0-8] [0-8] [0-8] [0-8] ]

#8000    !3    !4    !6    !5    !896  !370  !90   !26   !300  !210  !36   !24   !18   !12
#[[0-8]  [23]  [17]  [15]  [16]  [11]  [12]  [13]  [14]  [51]  [52]  [53]  [54]  [55]  [56]  ]
#[[0-8]  [0-8] [0-8] [0-8] [0-8] [0-8] [0-8] [0-8] [0-8] [51]  [52]  [53]  [54]  [55]  [56]  ]
#[[0-8]  [0-8] [0-8] [0-8] [0-8] [0-8] [0-8] [0-8] [0-8] [0-8] [0-8] [0-8] [0-8] [0-8] [0-8] ]

#8000    !3    !4    !6    !4    !797  !370  !90   !26   !250  !175  !30   !20   !15   !10   200
#[[0-8]  [20]  [18]  [15]  [16]  [11]  [12]  [13]  [14]  [51]  [52]  [53]  [54]  [55]  [56]  [57]]
#[[0-8]  [0-8] [0-8] [0-8] [0-8] [0-8] [0-8] [0-8] [0-8] [51]  [52]  [53]  [54]  [55]  [56]  [57]]
#[[0-8]  [0-8] [0-8] [0-8] [0-8] [0-8] [0-8] [0-8] [0-8] [0-8] [0-8] [0-8] [0-8] [0-8] [0-8] [57]]

#8000    !4    !5    !6    !5    !994  !370  !90   !26   !250  !175  !30   !20   !15   !10
#[[0-8]  [19]  [17]  [15]  [16]  [11]  [12]  [13]  [14]  [51]  [52]  [53]  [54]  [55]  [56] ]
#[[0-8]  [0-8] [0-8] [0-8] [0-8] [0-8] [0-8] [0-8] [0-8] [51]  [52]  [53]  [54]  [55]  [56] ]
#[[0-8]  [0-8] [0-8] [0-8] [0-8] [0-8] [0-8] [0-8] [0-8] [0-8] [0-8] [0-8] [0-8] [0-8] [0-8]]
