<Reel>
		<Symbols>11,7,9,3,11,5,1,1,11,7,3,3,11,1,7,5,11,5,9,1,11,3,7,5,11,9,3,7,11,1,1,9,11,3,3,5,11,7,9,1,11,5,3,3,11,1,9,5,11,3,1,1,11,5,5,5</Symbols>
		<Weights>1,1,1,1,1,1,1,1,1,1,1,1,1,1,1,1,1,1,1,1,1,1,1,1,1,1,1,1,1,1,1,1,1,1,1,1,1,1,1,1,1,1,1,1,1</Weights>
	</Reel>
	<Reel>
		<Symbols>6,2,4,0,6,8,4,10,0,0,0,4,8,10,2,0,0,8,10,2,2,0,6,8,2,2,2,10,4,4,4,6,0,2,10,6,8,2,4,4,6,8,0,4,10</Symbols>
		<Weights>1,1,1,1,1,1,1,1,1,1,1,1,1,1,1,1,1,1,1,1,1,1,1,1,1,1,1,1,1,1,1,1,1,1,1,1,1,1,1,1,1,1,1,1,1</Weights>
	</Reel>
	<Reel>
		<Symbols>11,8,7,1,11,5,5,5,11,8,4,9,11,1,0,0,11,5,5,3,11,10,7,9,11,4,0,0,11,2,2,5,11,0,10,6,11,4,4,4,11,1,1,1,11,2,6,3,11,3,8,4,11,4,3,10,11,2,9,3,11,7,2,2,11,2,1,0,11,6,5,7</Symbols>
		<Weights>1,1,1,1,1,1,1,1,1,1,1,1,1,1,1,1,1,1,1,1,1,1,1,1,1,1,1,1,1,1,1,1,1,1,1,1,1,1,1,1,1,1,1,1,1,1,1,1,1,1,1,1,1,1,1,1,1</Weights>
	</Reel>
	<Reel>
		<Symbols>6,4,2,10,0,4,4,4,6,2,10,8,4,4,6,8,0,0,4,10,8,6,2,0,0,0,10,6,8,2,2,2,0,8,4,10,2,2,6,0,8,4,10,2,0</Symbols>
		<Weights>1,1,1,1,1,1,1,1,1,1,1,1,1,1,1,1,1,1,1,1,1,1,1,1,1,1,1,1,1,1,1,1,1,1,1,1,1,1,1,1,1,1,1,1,1</Weights>
	</Reel>
	<Reel>
		<Symbols>11,8,7,1,11,5,5,5,11,8,4,9,11,1,0,0,11,5,5,3,11,10,7,9,11,4,0,0,11,2,2,5,11,0,10,6,11,4,4,4,11,1,1,1,11,2,6,3,11,3,8,4,11,4,3,10,11,2,9,3,11,7,2,2,11,2,1,0,11,6,5,7</Symbols>
		<Weights>1,1,1,1,1,1,1,1,1,1,1,1,1,1,1,1,1,1,1,1,1,1,1,1,1,1,1,1,1,1,1,1,1,1,1,1,1,1,1,1,1,1,1,1,1,1,1,1,1,1,1,1,1,1,1,1,1</Weights>
	</Reel>