<?xml version="1.0" encoding="UTF-8"?>
<settings id="AVV054728,40GoldenWild7s_95" GameName="Art Masters" FreeSpin="true" VersionName="AM">
    <ReelSets>
        <Reelset reelName="Base" betsIndices="0 1 2 3 4 5 6 7 8 9 10 11 12 13 14 15 16 17 18 19 20 21 22" range="0 999" isFortuneBet="false" isMainCycle="true" isStartScreen="true" isFreeSpin="true" sectionName="Base Game" section="0">
            <Reel>
                <Symbols>0,0,2,6,1,8,5,3,7,4,6,5,8,1,2,3,7,5,12,9,2,8,3,5,6,12,8,3,9,1,6,4,3,8,5,0,7,12,6,2,9,3,8,4,7,5,6,9</Symbols>
                <Weights>1,1,1,1,1,1,1,1,1,1,1,1,1,1,1,1,1,1,1,1,1,1,1,1,1,1,1,1,1,1,1,1,1,1,1,1,1,1,1,1,1,1,1,1,1,1,1,1</Weights>
            </Reel>
            <Reel>
                <Symbols>0,0,6,3,9,1,10,8,4,7,5,9,12,1,8,5,7,3,2,6,1,8,10,7,3,4,9,2,5,7,1,4,2,9,3,7,1,4,9,3,6,2,10,8,4,7,2,5,6,12,3,9,2,7,0,10,5,4,7,1,3,2,9,7</Symbols>
                <Weights>1,1,1,1,1,1,1,1,1,1,1,1,1,1,1,1,1,1,1,1,1,1,1,1,1,1,1,1,1,1,1,1,1,1,1,1,1,1,1,1,1,1,1,1,1,1,1,1,1,1,1,1,1,1,1,1,1,1,1,1,1,1,1,1</Weights>
            </Reel>
            <Reel>
                <Symbols>0,0,9,4,6,11,8,1,3,7,2,6,12,8,4,7,11,5,1,3,8,2,6,5,4,3,7,1,2,0,5,7,11,1,3,2,8,4,7,5,6,2,1,9,7,0,0,6,4,3,8,9,2,5,6,0,8,1,2,7,11,6,5,8</Symbols>
                <Weights>1,1,1,1,1,1,1,1,1,1,1,1,1,1,1,1,1,1,1,1,1,1,1,1,1,1,1,1,1,1,1,1,1,1,1,1,1,1,1,1,1,1,1,1,1,1,1,1,1,1,1,1,1,1,1,1,1,1,1,1,1,1,1,1</Weights>
            </Reel>
            <Reel>
                <Symbols>0,0,8,5,1,4,7,11,8,3,10,9,4,7,12,6,1,11,8,2,7,10,4,8,1,9,2,7,3,0,6,1,9,5,7,4,2,9,11,5,6,10,7,8,1,9,6,2,3,8,9,5,7,1,10,8,4,6,7,2,3,4,6,7</Symbols>
                <Weights>1,1,1,1,1,1,1,1,1,1,1,1,1,1,1,1,1,1,1,1,1,1,1,1,1,1,1,1,1,1,1,1,1,1,1,1,1,1,1,1,1,1,1,1,1,1,1,1,1,1,1,1,1,1,1,1,1,1,1,1,1,1,1,1</Weights>
            </Reel>
            <Reel>
                <Symbols>0,3,8,1,6,2,11,5,8,12,7,1,4,5,0,2,3,8,11,5,7,4,9,1,6,12,7,3,9,4,11,5,0,4,6,1,2,8,5,4,6,3,9,1,7,8,4,6</Symbols>
                <Weights>1,1,1,1,1,1,1,1,1,1,1,1,1,1,1,1,1,1,1,1,1,1,1,1,1,1,1,1,1,1,1,1,1,1,1,1,1,1,1,1,1,1,1,1,1,1,1,1</Weights>
            </Reel>
        </Reelset>


    </ReelSets>
</settings>